============================================================
BIIA DATABASE SCHEMA
============================================================

📋 TABLES:

  Table: biia
    - id : bigint NOT NULL DEFAULT bigserial
    - item : text NOT NULL
    - metadata : jsonb NULL DEFAULT {}
    - vetorizada : vector(384) NOT NULL
    - created_at : timestamptz NULL DEFAULT now()

📊 SAMPLE DATA (first 3 rows):
  {'item': 'Faixa Renda: 9 - acima de 8000.00', 'vetorizada': '[0.026921783,0.020917071,0.024038726,-0.02539078,-0.000882936,0.018083723,-0.062830746,0.056110244,-0.004766985,-0.08000979,0.015160901,0.007978113,-0.061041262,-0.03801658,0.14387445,0.051059924,0.010707075,-0.008942446,-0.03473586,0.08462267,-0.021473799,-0.04042244,-0.020380227,-0.08056652,0.07993025,-0.047321893,-0.06235355,-0.06116056,0.024655104,-0.043225963,-0.007023722,-0.058496222,0.09233734,-0.08100394,-0.066409715,0.032707777,-0.0751583,-0.020917071,-0.009190985,-0.022467956,0.042271573,0.099972464,-0.0114526935,0.041834142,0.052213147,0.033622403,-0.008549754,-0.022965036,0.047321893,0.03435808,0.0034000182,0.057382762,-0.04334526,0.067642465,0.04414059,0.05666697,-0.017417638,-0.019167354,0.036286745,-0.07666942,0.08661099,-0.048037685,0.0147135295,-0.06947172,-0.028910097,0.086054265,-0.11412927,0.055633046,-0.045015447,0.016065583,-0.016343947,-0.0037057216,0.10681227,-0.007133079,-0.0039617172,-0.07018751,-0.041834142,-0.13305803,-0.025032884,-0.048992075,-0.049429506,-0.038573306,-0.05968921,0.01491236,0.040919516,-0.0717384,-0.11993515,-0.053366367,0.031037593,-0.022308892,-0.07352788,-0.03732067,-0.06648925,0.0534459,-0.036306627,-0.028532317,-0.075396895,0.037420083,-0.02564926,-0.030620048,0.040760454,0.024814168,0.07714661,0.006735416,-0.00344227,0.07989049,-0.03394053,-0.030838761,0.0037852542,-0.064739525,0.105380684,0.044379186,-0.024356855,0.08875837,0.075953625,0.050940625,-0.0009867012,-0.009762625,0.08820164,0.0012849484,-0.03006332,-0.046606097,-0.04062127,-0.04704353,-0.034954574,0.011323453,-0.05364473,0.052014314,-0.078975864,-0.11516319,0.019505369,-0.0044637667,0.007997996,0.08780398,-0.046645865,0.034457494,0.053286836,0.046009604,-0.025609495,0.010836315,0.09854088,0.05133829,0.029546358,-0.0009724102,-0.014156801,0.04143648,-0.01762641,-0.046009604,0.071261205,0.00088977086,0.014614114,0.048037685,-0.007351794,0.0012719001,-0.027816523,-0.11134563,-0.04692423,-0.07464134,-0.074999236,0.038553424,-0.025211832,-0.047083292,0.001860317,0.07957236,-0.007361735,0.02051941,-0.07201676,-0.0144451065,-0.122241594,0.028572083,0.034059834,0.008485133,-0.08167997,0.050264597,-0.010617601,-0.0038623014,0.09003089,-0.023402466,0.024933467,-0.0156182125,-0.036306627,-0.03759903,0.051258754,0.046327733,-0.023163866,-0.058655284,0.016085466,-0.004351924,0.024873817,0.08374782,0.03246918,-0.06692667,0.038175642,0.099972464,-0.056150008,0.01977379,-0.031117126,-0.015280199,-0.03998501,0.06939218,-0.024396623,-0.048992075,-0.010985439,0.015807102,-0.024237556,0.001765872,-0.13305803,0.003298117,0.039885595,-0.017019974,0.09003089,0.032747544,-0.030838761,4.7105972e-05,-0.014514698,0.013053287,0.04704353,-0.048276283,0.06851733,0.0571044,0.018411795,-0.05495702,0.0021747192,0.08637239,0.07814077,0.014932244,0.07281209,0.06652901,0.023084335,-0.0395277,0.020777889,-0.03499434,0.046089135,-0.07022728,0.010528127,0.08502034,-0.070982836,0.034914806,-0.039766297,0.0025214318,-0.06963079,-0.016025817,0.055752344,0.12232112,0.041595545,0.005060261,0.032051634,0.051059924,0.012297727,0.046327733,0.06561439,0.045134746,-0.02022116,0.055473983,-0.01193983,-0.0391698,0.024078492,0.06179682,0.0068099783,-0.010388944,0.0040089395,-0.047997918,-0.033006024,0.061757058,0.029546358,0.02988437,0.02274632,0.06096173,0.0008642956,-0.003847389,-0.024754519,0.046725396,0.013967911,0.0678413,-0.00070585177,-0.040004894,0.07754428,0.008987183,0.012774922,0.04143648,-0.006839803,0.0062383376,-0.048992075,0.073607415,0.057064634,-0.008246535,0.06871616,-0.05034413,0.006024594,-0.036863357,0.0039517754,0.03215105,-0.01269539,-0.117549166,0.073169984,-0.016373772,0.02211006,-0.14466979,0.00010586223,-0.0022505238,0.009608531,-0.015329907,-0.015608271,-0.001503663,-0.004950904,-0.010468477,0.09345079,0.04704353,-0.05304824,-0.055752344,0.07973142,0.087565385,-0.03714172,-0.020917071,0.015836928,0.037817746,0.11253861,-0.011144504,0.08637239,-0.021453917,0.033522986,0.0392891,-0.03688324,0.019952739,0.081759505,0.048077453,-0.0011314753,-0.06386467,0.07034658,-0.03026215,-0.0015136047,0.032687895,-0.06676761,-0.025887858,-0.030401332,0.10808479,0.031673856,0.013639839,0.005761142,0.045572173,-0.005134823,-0.11945795,-0.051895015,-0.06740387,0.046566334,-0.08128231,0.023601295,-0.06811967,0.06712551,0.07997002,0.024476156,0.051775716,0.023979075,0.0041530924,-0.031753387,-0.031813037,0.032707777,-0.101244986,-0.104823954,0.03960723,-0.11635618,0.035968613,-0.02861185,-0.018372029,0.00865414,0.03246918,0.024814168,0.036107797,0.0062383376,-0.01193983,0.008017879,0.029387292,-0.030242268,-0.005438041,0.022328775,-0.034795508,0.04262947,0.042112507,0.015995992,-0.026007157,0.0051696184,-0.0040139104,-0.010180172,0.011144504]', 'id': 60, 'metadata': {'valor': 656}, 'created_at': '2026-04-09T13:52:48.194055+00:00'}
  {'item': 'Mulher Responsável pela Unidade Familiar', 'vetorizada': '[0.04768183,0.09756371,0.03416422,0.084067255,-0.06409758,0.011994498,-0.03443923,0.04789337,-0.049120322,-0.11127171,0.08296723,0.04645488,-0.034777697,-0.071416974,0.10306383,0.08144412,0.0012428161,-0.022762045,-0.04865493,0.06456298,0.022317804,-0.07188237,-0.010852165,-0.055170458,0.011190633,-0.017357117,-0.055932015,-0.052462704,0.029721815,-0.10983321,0.07894791,-0.07526706,0.09248667,0.025173636,-0.059951335,0.071290046,-0.06845537,-0.03171032,-0.035898875,-0.013507031,0.0035221938,-0.0037310927,-0.00038838002,0.027310222,0.006219369,0.058343604,-0.032133408,0.060839813,0.005600605,0.009461268,0.036004648,0.06067058,-0.005743397,0.01987448,-0.044127904,0.022127416,0.02479286,0.017558083,0.015273416,0.0017201104,0.062066764,-0.040954757,-0.0017690298,-0.0053361766,-0.03096992,0.059274394,-0.054324284,0.06591685,-0.06591685,0.008398264,0.026823673,0.041250918,0.043789435,-0.02989105,0.026781365,0.019937944,-0.086478844,-0.10560235,-0.114317924,-0.033550747,-0.067270726,0.017801357,0.019493703,0.03293727,0.056228172,-0.044720225,-0.07907484,-0.06672072,0.04387405,-0.057835903,-0.122948885,0.024856322,-0.013570494,-0.0004749805,0.033487283,-0.06870922,-0.045312546,-0.06435143,0.03264111,0.016912876,0.06680533,-0.026865982,0.08300954,0.035221938,-0.07734018,0.0641822,-0.053774275,-0.042541333,-0.018340793,0.0360258,-0.02371399,0.05005111,-0.10027146,0.07454781,0.07746711,0.0054895454,0.0027421282,-0.035306554,0.0065631266,-0.028600637,0.030356444,0.002557028,-0.007012656,-0.040891293,0.00091558526,0.03308535,0.014681096,0.061685987,-0.08355955,-0.07196698,0.040700905,0.0027183297,-0.010117052,-0.0113916,0.01923985,0.031329542,0.06257447,-0.0011099406,-0.005568874,-0.016722487,0.054028124,-0.03666043,0.02225434,-0.023883224,-0.03238726,0.04954341,-0.039029714,0.049120322,0.08453265,0.018330215,0.017473465,0.035412326,0.017875398,-0.022233186,-0.004540245,-0.049289558,-0.059697483,-0.025787111,0.007589111,-0.059697483,0.012777207,-0.053139642,-0.038098924,0.07585938,-0.0011443163,0.0036755626,0.029171802,0.028579481,-0.13225679,0.011529103,-0.0061929263,-0.015643617,-0.116771825,0.013306065,-0.027140988,-0.05360504,0.01823502,0.045397162,-0.039283566,0.037570067,-0.019440817,0.019028308,0.0009096356,-0.10983321,0.0113069825,-0.0028293899,-0.028241012,0.010429078,-0.00975214,0.044550993,0.022825507,-0.043620203,0.03763353,0.07137466,0.11169479,0.04321827,-0.007731903,-0.021355283,-0.10467156,0.0916405,-0.028494865,-0.01953601,0.06401296,-0.03376229,0.028600637,-0.07734018,-0.07281316,-0.02147163,-0.01950428,-0.06282832,0.116517976,0.014913794,0.0749709,0.00096648786,-0.039177794,0.016838836,0.085378826,-0.09172512,0.03469308,0.001132417,0.03376229,0.08516728,0.014966679,0.0093237655,0.028917952,0.0180129,0.03905087,-0.027902544,-0.082459524,-0.030398753,-0.06071289,0.022423577,0.0042149974,-0.03598349,-0.056185864,0.009128087,-0.003141416,0.040150892,0.046708733,0.08051333,-0.03807777,-0.008144412,0.049501102,0.018488873,0.044424064,0.006393892,0.07746711,0.030398753,0.025744803,0.08635192,0.05546662,-0.02661213,0.0067059183,-0.004090716,-0.082205676,0.012713744,0.04258364,0.081909515,0.0838134,0.0040325415,-0.0016487145,0.002419525,-0.054281976,-0.004775587,0.014205123,-0.0005377824,0.104417704,0.052801173,-0.015252262,0.018097518,-0.045312546,-0.051955003,0.0877481,0.14418782,-0.06701688,-0.03234495,0.0138137685,0.025427489,-0.0014821243,0.04730105,-0.07738249,0.01570708,0.009048759,-0.05140499,-0.03543348,0.106279284,0.009233859,0.076324776,0.01574939,0.01470225,-0.04433945,-0.01105313,0.047512595,-0.097056,0.0396855,-0.043239422,0.030377598,-0.036216192,0.03915664,0.08766349,0.02147163,0.09832527,0.0026799876,-0.025829421,0.07882098,-0.06786305,0.06875153,-0.009091068,0.053985815,-0.0701054,0.07264392,0.0018192712,-0.017462889,-0.010883896,-0.052208852,-0.012861825,0.07074004,0.069555394,0.06676302,0.017283076,0.006383315,0.031202618,0.009482423,-0.006219369,0.02158798,0.009683388,-0.05821668,-0.03488347,0.035306554,-0.04945879,-0.03145647,-0.0056482027,-0.07429396,-0.0009849978,-0.012671435,0.011846418,0.003085886,0.040404744,0.051362682,0.030758377,0.066128395,-0.16001125,-0.044170212,-0.012819516,-0.03993935,0.0055477195,0.12176425,-0.08127488,0.09400979,0.010392058,0.06837075,-0.0019290092,-0.055805087,0.052758865,-0.082628764,-0.09536366,0.06067058,-0.052885793,-0.036364272,0.07268623,-0.0010821755,-0.018171558,-0.033741135,-0.027691001,-0.030991074,0.03685082,-0.006647744,0.050262656,-0.007530937,-0.062405236,-0.029785277,-0.06968232,-0.063251406,0.080767184,0.007023233,-0.06968232,0.00677467,-0.0032577647,-0.040595133,-0.07268623,0.04370482,-0.004939533,0.0059549403,-0.013464723]', 'id': 1, 'metadata': {'valor': 65316}, 'created_at': '2026-04-09T13:52:48.194055+00:00'}
  {'item': 'Residentes em Área de Risco', 'vetorizada': '[0.04909975,0.07544702,0.078296565,0.083031185,-0.062382985,0.020429002,-0.042677328,0.033449203,-0.04673244,-0.0533083,-0.0019015194,0.04519807,-0.025360897,0.018938474,0.08474091,0.04914359,-0.016669804,-0.013491471,-0.030533906,0.0494943,0.037241284,-0.039893545,-0.044803523,-0.12353848,0.027969321,-0.008981528,-0.06646002,-0.027881643,0.047565382,0.0006178568,0.042348534,-0.077069074,0.09293881,-0.004016754,-0.03781119,0.018061694,-0.10416161,0.011069363,-0.0037044007,-0.03689057,0.0551057,0.080707714,-0.035750754,0.11047444,0.00654298,0.03507125,0.01774386,-0.031410687,0.014083299,0.018839836,-0.012976362,0.016242372,-0.049012072,0.028561149,0.00013999388,-0.07663068,-0.007370442,-0.013338035,0.040310018,-0.024418358,0.06019103,-0.07728827,0.020735877,-0.01968374,-0.046469405,0.05282607,-0.02343198,0.025119783,0.023278542,0.05655239,-0.038885247,-0.01584782,0.12730864,-0.046513245,0.017667143,-0.052124646,-0.10793177,-0.08574921,-0.077726655,-0.022357922,-0.08951937,0.04852984,-0.029788643,-0.005367545,0.02518554,-0.08294351,-0.14335373,-0.10854552,0.08548617,-0.073518105,-0.07180838,0.027530931,-0.027421333,-0.01543135,-0.038622215,-0.00514013,-0.06979179,-0.02755285,0.08557385,-0.024527956,0.045461107,-0.059489608,0.088511065,-0.02713638,-0.008449979,0.060059514,-0.01074605,0.01545327,0.04204166,0.014510729,0.07983093,0.06019103,-0.05098483,0.113017105,0.0905715,0.046600923,-0.031169573,-0.09828718,0.061856918,0.04206358,-0.026939103,-0.030468147,-0.040375777,-0.006351184,0.068608135,0.015201195,0.020461882,-0.019826217,-0.054404277,-0.0831627,-0.01586974,0.00794583,0.021656496,0.04712699,-0.029547527,0.055631768,0.019946773,0.061374687,0.0107570095,-0.051204026,0.029942079,0.087941155,0.0018371306,0.020396123,-0.05335214,-0.036101468,-0.04677628,0.008329422,0.12529203,0.027640529,0.07680604,0.06716144,-0.10249573,0.022259284,-0.01875216,-0.09285113,-0.02671991,-0.059664965,-0.0625145,0.0158807,-0.07899799,-0.09469237,-0.021766094,0.053045265,0.08693286,-0.00841162,-0.034304067,-0.008356821,-0.18394871,0.058262113,0.020001572,0.022730554,-0.08653831,-0.04585566,-0.07386882,-0.031125734,0.05102867,0.035706915,0.0039016765,-0.048310645,-0.044277452,-0.014664167,0.050195727,0.011661191,0.018916555,-0.025821207,0.0004387331,0.008104746,-0.01915767,0.05326446,-0.0029810562,-0.04114296,0.06317209,0.037285123,0.01590262,0.0088226115,-0.044145934,0.00090966054,-0.10424929,0.086713664,-0.03842494,-0.04020042,0.09478005,-0.018346647,-0.0015001179,0.031038055,-0.03351496,-0.020878354,0.01919055,-0.010110384,0.116699584,0.036232986,0.010850168,-0.010899487,0.028670747,0.04945046,0.057253815,-0.02145922,-0.003224911,0.029920159,-0.013886023,-0.016077977,-0.04068265,0.06308441,0.027443253,0.017195873,0.05374669,-0.014335373,0.030643504,-0.022511357,-0.00981995,0.020867394,0.06641618,-0.08864258,-0.021755135,0.047433864,0.015058718,0.02893378,-0.039038684,0.071720704,-0.01638485,-0.0016288952,0.08268047,0.030270873,0.01913575,-0.010904967,0.039586674,0.059840318,0.01876312,0.05607016,0.016461568,0.05523722,0.05466731,0.014203856,-0.013338035,0.003320809,0.0039564753,-0.012669489,-0.003693441,-0.021820894,0.01922343,-0.11389388,-0.047872256,-0.07325507,-0.014927201,-0.03358072,0.09100989,0.08807267,-0.055324897,-0.002857759,-0.027772047,-0.039871626,0.08048852,0.020724917,-0.046425566,-0.012066701,0.08561769,0.03171756,-0.05927041,0.0048332564,-0.003652342,0.014927201,-0.02893378,-0.00795131,-0.0007370442,0.019760458,0.019848136,-0.011277598,-0.02013309,-0.06404887,0.03835918,-0.016406769,-0.03752624,-0.086056076,0.010526855,-0.043619867,0.038863327,-0.14458123,0.027289815,-0.043817144,0.014708005,0.04760922,-0.009600755,-0.01967278,-0.03835918,-0.008860971,0.05343982,0.033865675,-0.06312825,-0.033427283,0.039849706,-0.0045154234,-0.009255522,-0.03458902,-0.009014407,-0.06448726,0.09460469,-0.013984661,0.1002161,0.030533906,0.025821207,-0.0326601,0.023015508,-0.07005482,0.0383811,-0.05457963,0.003553704,0.001122691,0.076499164,-0.10933462,0.061330847,0.01867544,-0.03502741,0.002422108,-0.009277442,-0.019804297,-0.023782691,0.00010591586,0.032002516,-0.015946459,-0.026566472,-0.05887586,-0.0074142814,-0.016615005,0.013381873,-0.047784578,0.03369032,-0.046557084,0.086669825,0.04774074,0.007830752,0.01917959,-0.07369346,0.06036639,-0.063785836,-0.06549556,0.08763429,-0.06759983,-0.06759983,0.08715206,-0.030161275,-0.03360264,0.01873024,-0.07610461,0.00606623,0.02242368,-0.00030396224,0.02518554,0.04940662,-0.03770159,-0.0476969,-0.026084242,-0.10012842,0.046951637,0.04616253,0.009787071,0.042326614,0.010110384,0.1138062,0.020889314,0.007058089,0.016110856,-0.06418039,0.007140287]', 'id': 2, 'metadata': {'valor': 15794}, 'created_at': '2026-04-09T13:52:48.194055+00:00'}

🔍 INDEXES:

============================================================
END OF SCHEMA
============================================================